id	chrom	start_pos	end_pos	size	gc_content
1	chr	0	1000	1000	0.5425328046409897
2	chr	1000	2000	1000	0.27221435610460004
3	chr	2000	3000	1000	0.27147894770909564
4	chr	3000	4000	1000	0.22716303176196112
5	chr	4000	5000	1000	0.2694269915636202
6	chr	5000	6000	1000	0.20321085081984813
7	chr	6000	7000	1000	0.21108371711564614
8	chr	7000	8000	1000	0.19500726091984605
9	chr	8000	9000	1000	0.2688453762599354
10	chr	9000	10000	1000	0.26184187282820476
11	chr	10000	11000	1000	0.26221963987736224
12	chr	11000	12000	1000	0.20855614973262032
13	chr	12000	13000	1000	0.200091002923153
14	chr	13000	14000	1000	0.21129839060461073
15	chr	14000	15000	1000	0.19814804479101333
16	chr	15000	16000	1000	0.20452628745893367
17	chr	16000	17000	1000	0.2242543251352432
18	chr	17000	18000	1000	0.2891079508726568
19	chr	18000	19000	1000	0.15581482755082804
20	chr	19000	20000	1000	0.19078354754959678
21	chr	20000	21000	1000	0.1670934353310647
22	chr	21000	22000	1000	0.18753478008476313
23	chr	22000	23000	1000	0.24996034339547937
24	chr	23000	24000	1000	0.2206076649374
25	chr	24000	25000	1000	0.21385154654684282
26	chr	25000	26000	1000	0.1876282258490958
27	chr	26000	27000	1000	0.25304136253041365
28	chr	27000	28000	1000	0.2670262475802642
29	chr	28000	29000	1000	0.1954650226301476
30	chr	29000	30000	1000	0.2737398162234595
31	chr	30000	31000	1000	0.26416091346650894
32	chr	31000	32000	1000	0.23594566828285568
33	chr	32000	33000	1000	0.24884896015997135
34	chr	33000	34000	1000	0.2315721208154947
35	chr	34000	35000	1000	0.27151311045355425
36	chr	35000	36000	1000	0.2558352867281657
37	chr	36000	37000	1000	0.2782321698545745
38	chr	37000	38000	1000	0.227462211130807
39	chr	38000	39000	1000	0.21041294326082216
40	chr	39000	40000	1000	0.2636734364816391
41	chr	40000	41000	1000	0.2862443347612839
42	chr	41000	42000	1000	
43	chr	42000	43000	1000	0.21636103077677524
44	chr	43000	44000	1000	0.2547408860298097
45	chr	44000	45000	1000	0.23294680679478094
46	chr	45000	46000	1000	0.2518927510770904
47	chr	46000	47000	1000	0.22239637756879135
48	chr	47000	48000	1000	0.26561516631595206
49	chr	48000	49000	1000	0.18274613704109197
50	chr	49000	50000	1000	0.16462809774025555
51	chr	50000	51000	1000	0.21401199167440707
52	chr	51000	52000	1000	0.22775670151067562
53	chr	52000	53000	1000	0.16430855269575753
54	chr	53000	54000	1000	0.22706330003146682
55	chr	54000	55000	1000	0.19742078113485628
56	chr	55000	56000	1000	0.22180965890046858
57	chr	56000	57000	1000	0.18326059883688442
58	chr	57000	58000	1000	0.21617019355341902
59	chr	58000	59000	1000	0.2554133475154669
60	chr	59000	60000	1000	0.2720406201469584
61	chr	60000	61000	1000	0.28421089829808316
62	chr	61000	62000	1000	0.24612844825008612
63	chr	62000	63000	1000	0.2402405065614519
64	chr	63000	64000	1000	0.30981761991816836
65	chr	64000	65000	1000	0.20072931234224836
66	chr	65000	66000	1000	0.17360792343317555
67	chr	66000	67000	1000	0.28619627824178007
68	chr	67000	68000	1000	0.30450236966824645
69	chr	68000	69000	1000	0.269507993593037
70	chr	69000	70000	1000	0.2620567480380518
71	chr	70000	71000	1000	0.2403299244704987
72	chr	71000	72000	1000	0.2779951158832464
73	chr	72000	73000	1000	0.26312807120570486
74	chr	73000	74000	1000	0.27844211563827165
75	chr	74000	75000	1000	0.28842471006437004
76	chr	75000	76000	1000	0.25741357931057934
77	chr	76000	77000	1000	0.34614324784721895
78	chr	77000	78000	1000	0.2953848940147638
79	chr	78000	79000	1000	0.20186606061420923
80	chr	79000	80000	1000	0.2617124394184168
81	chr	80000	81000	1000	0.2825596783223902
82	chr	81000	82000	1000	0.2365478971700246
83	chr	82000	83000	1000	0.27689878242947935
84	chr	83000	84000	1000	0.23096968543886354
85	chr	84000	85000	1000	0.20266405779650815
86	chr	85000	86000	1000	0.22363888645138646
87	chr	86000	87000	1000	0.27787104115731714
88	chr	87000	88000	1000	0.2571091149607774
89	chr	88000	89000	1000	0.20436994400900785
90	chr	89000	90000	1000	0.18965837615337203
91	chr	90000	91000	1000	0.203125
92	chr	91000	92000	1000	0.21735457593436883
93	chr	92000	93000	1000	0.219517153650488
94	chr	93000	94000	1000	0.2762965918096315
95	chr	94000	95000	1000	0.2551756379558115
96	chr	95000	96000	1000	0.2652115319668511
97	chr	96000	97000	1000	0.2128146364238379
98	chr	97000	98000	1000	0.26537041239163117
99	chr	98000	99000	1000	0.2850929369555658
100	chr	99000	100000	1000	0.2866666666666667
101	chr	100000	101000	1000	0.3286766448605466
102	chr	101000	102000	1000	0.24300866900470652
103	chr	102000	103000	1000	0.30831775751130586
104	chr	103000	104000	1000	0.28321167134250363
105	chr	104000	105000	1000	0.2961822660098522
106	chr	105000	106000	1000	0.3032282978066111
107	chr	106000	107000	1000	0.2621495180104772
108	chr	107000	108000	1000	0.30536421917467166
109	chr	108000	109000	1000	0.306841046277666
110	chr	109000	110000	1000	0.27611200281511467
111	chr	110000	111000	1000	0.32881199906688885
112	chr	111000	112000	1000	0.2847134273331082
113	chr	112000	113000	1000	0.31878828662553965
114	chr	113000	114000	1000	0.3040540540540541
115	chr	114000	115000	1000	0.2114686500814301
116	chr	115000	116000	1000	0.2132808858647716
117	chr	116000	117000	1000	0.29485946927370593
118	chr	117000	118000	1000	0.22730158730158728
119	chr	118000	119000	1000	0.22462205689069684
120	chr	119000	120000	1000	0.22111847717173072
121	chr	120000	121000	1000	0.2789304926199751
122	chr	121000	122000	1000	0.22059246935931362
123	chr	122000	123000	1000	0.2333026217479999
124	chr	123000	124000	1000	0.24660326596223117
125	chr	124000	125000	1000	0.23423423423423426
126	chr	125000	126000	1000	0.23899089555076725
127	chr	126000	127000	1000	0.2478295462567604
128	chr	127000	128000	1000	0.24914841821714123
129	chr	128000	129000	1000	0.2555149869548464
130	chr	129000	130000	1000	0.21005451541176132
131	chr	130000	131000	1000	0.23234163925897863
132	chr	131000	132000	1000	0.23139042802376913
133	chr	132000	133000	1000	0.2301071667214203
134	chr	133000	134000	1000	0.21260810165943167
135	chr	134000	135000	1000	0.2270150267927974
136	chr	135000	136000	1000	0.22093005660846088
137	chr	136000	137000	1000	0.22682078158828287
138	chr	137000	138000	1000	0.23810904916895703
139	chr	138000	139000	1000	0.21324746238682185
140	chr	139000	140000	1000	0.2466948127652344
141	chr	140000	141000	1000	0.331736657710806
142	chr	141000	142000	1000	0.27524085332320086
143	chr	142000	143000	1000	0.2701929709096802
144	chr	143000	144000	1000	0.199239417989418
145	chr	144000	145000	1000	0.24107504319082865
146	chr	145000	146000	1000	0.19665237364091426
147	chr	146000	147000	1000	0.2099616858237548
148	chr	147000	148000	1000	0.2330918199148692
149	chr	148000	149000	1000	0.20796478556236617
150	chr	149000	150000	1000	0.26688402002562106
151	chr	150000	151000	1000	0.21427814072605966
152	chr	151000	152000	1000	
153	chr	152000	153000	1000	0.22361567265938853
154	chr	153000	154000	1000	0.23028167129186303
155	chr	154000	155000	1000	0.22446427755684478
156	chr	155000	156000	1000	
157	chr	156000	157000	1000	0.2587939384400893
158	chr	157000	158000	1000	0.22760136317683174
159	chr	158000	159000	1000	0.23765232073215592
160	chr	159000	160000	1000	
161	chr	160000	161000	1000	0.2254368210599065
162	chr	161000	162000	1000	0.23761306265286403
163	chr	162000	163000	1000	0.27212023803198554
164	chr	163000	164000	1000	0.24213936498089864
165	chr	164000	165000	1000	0.2604166666666667
166	chr	165000	166000	1000	0.22472809787039932
167	chr	166000	167000	1000	0.23571824736550195
168	chr	167000	168000	1000	0.24977645305514162
169	chr	168000	169000	1000	0.22159813186374863
170	chr	169000	170000	1000	0.24827680316839726
171	chr	170000	171000	1000	0.24372146425968577
172	chr	171000	172000	1000	0.188334275787106
173	chr	172000	173000	1000	0.22358546557636508
174	chr	173000	174000	1000	
175	chr	174000	175000	1000	0.22395521196351575
176	chr	175000	176000	1000	0.21884711305927781
177	chr	176000	177000	1000	0.25942915653790877
178	chr	177000	178000	1000	0.2412725064418447
179	chr	178000	179000	1000	0.27122883744596554
180	chr	179000	180000	1000	0.2593437138401168
181	chr	180000	181000	1000	0.20773106251047424
182	chr	181000	182000	1000	0.23495423998505796
183	chr	182000	183000	1000	0.2423173803526449
184	chr	183000	184000	1000	
185	chr	184000	185000	1000	0.29125682683463255
186	chr	185000	186000	1000	0.2831899900046717
187	chr	186000	187000	1000	0.22711069633794545
188	chr	187000	188000	1000	0.26022301810562953
189	chr	188000	189000	1000	0.23549612624958552
190	chr	189000	190000	1000	0.23365833057911936
191	chr	190000	191000	1000	0.26078028747433263
192	chr	191000	192000	1000	0.23547680481835725
193	chr	192000	193000	1000	0.2758639666419062
194	chr	193000	194000	1000	0.23586385987199263
195	chr	194000	195000	1000	0.2355678710485867
196	chr	195000	196000	1000	0.2453524144371807
197	chr	196000	197000	1000	0.22912114563059258
198	chr	197000	198000	1000	0.2333924949290061
199	chr	198000	199000	1000	0.2389790684680296
200	chr	199000	200000	1000	0.229415908479227
201	chr	200000	201000	1000	
202	chr	201000	202000	1000	0.25344371902153956
203	chr	202000	203000	1000	0.5034311729795593
204	chr	203000	204000	1000	0.2130986590038314
205	chr	204000	205000	1000	0.2656465021672967
206	chr	205000	206000	1000	0.23098603952981994
207	chr	206000	207000	1000	0.24291427577812555
208	chr	207000	208000	1000	0.25666377193397844
209	chr	208000	209000	1000	0.2614165477280343
210	chr	209000	210000	1000	0.2412954452818678
211	chr	210000	211000	1000	0.2944846352448918
212	chr	211000	212000	1000	0.2387906575454683
213	chr	212000	213000	1000	0.23881126960634239
214	chr	213000	214000	1000	0.3012157182887276
215	chr	214000	215000	1000	0.31854011766581886
216	chr	215000	216000	1000	0.29159257862153315
217	chr	216000	217000	1000	0.2566990828187179
218	chr	217000	218000	1000	0.2224144680797736
219	chr	218000	219000	1000	0.19676786250610445
220	chr	219000	220000	1000	0.2298550117446899
221	chr	220000	221000	1000	0.21018843084060476
222	chr	221000	222000	1000	0.2431977169606522
223	chr	222000	223000	1000	0.17788005900698015
224	chr	223000	224000	1000	0.19367888165842131
225	chr	224000	225000	1000	0.2193752149969709
226	chr	225000	226000	1000	0.23399862443015018
227	chr	226000	227000	1000	0.21122392413058994
228	chr	227000	228000	1000	0.24851017313727564
229	chr	228000	229000	1000	0.23791686189670866
230	chr	229000	230000	1000	0.18445825529117252
231	chr	230000	231000	1000	0.21870998080675502
232	chr	231000	232000	1000	0.3192982456140351
233	chr	232000	233000	1000	0.2999064812284946
234	chr	233000	234000	1000	0.21210323777753254
235	chr	234000	235000	1000	0.1993592116628766
236	chr	235000	236000	1000	0.28214201643927245
237	chr	236000	237000	1000	0.25239894063916946
238	chr	237000	238000	1000	0.25365853658536586
239	chr	238000	239000	1000	0.28097109524046715
240	chr	239000	240000	1000	0.2662119374503275
241	chr	240000	241000	1000	0.25123246428092344
242	chr	241000	242000	1000	0.2776571110076825
243	chr	242000	243000	1000	0.23229163905646308
244	chr	243000	244000	1000	0.2443232042635807
245	chr	244000	245000	1000	0.21573335821865078
246	chr	245000	246000	1000	0.22418384879725084
247	chr	246000	247000	1000	0.26306379738346974
248	chr	247000	248000	1000	0.2308768136894278
249	chr	248000	249000	1000	0.34287421114569505
250	chr	249000	250000	1000	0.31329207166954315
251	chr	250000	251000	1000	0.278979053861499
252	chr	251000	252000	1000	0.23091784698665244
253	chr	252000	253000	1000	0.2209644183022784
254	chr	253000	254000	1000	0.2730868330107127
255	chr	254000	255000	1000	0.26042770254082764
256	chr	255000	256000	1000	0.2772435365659924
257	chr	256000	257000	1000	0.22907616973190742
258	chr	257000	258000	1000	0.26918536009445104
259	chr	258000	259000	1000	0.275405758094772
260	chr	259000	260000	1000	0.2487346997684941
261	chr	260000	261000	1000	0.2149760486484936
262	chr	261000	262000	1000	0.2144542465499676
263	chr	262000	263000	1000	0.2577965530577158
264	chr	263000	264000	1000	0.34048131143935023
265	chr	264000	265000	1000	0.3233461080212706
266	chr	265000	266000	1000	0.2875088785472599
267	chr	266000	267000	1000	0.2207204318588866
268	chr	267000	268000	1000	0.2550459017568439
269	chr	268000	269000	1000	0.21832048221384937
270	chr	269000	270000	1000	0.2800589325913115
271	chr	270000	271000	1000	0.2799500037756385
272	chr	271000	272000	1000	0.2344486597971331
273	chr	272000	273000	1000	0.2695035460992908
274	chr	273000	274000	1000	0.25870646766169153
275	chr	274000	275000	1000	0.2405087341083903
276	chr	275000	276000	1000	0.2361073276712472
277	chr	276000	277000	1000	0.2414632801587885
278	chr	277000	278000	1000	0.2200226880160264
279	chr	278000	279000	1000	0.26306955100650964
280	chr	279000	280000	1000	0.331892293567351
281	chr	280000	281000	1000	0.2319909743756561
282	chr	281000	282000	1000	0.28146459486614694
283	chr	282000	283000	1000	0.2842691788368944
284	chr	283000	284000	1000	0.26892624645193136
285	chr	284000	285000	1000	0.254262049846289
286	chr	285000	286000	1000	0.30908575866371296
287	chr	286000	287000	1000	0.26116923598005437
288	chr	287000	288000	1000	0.2638284860835223
289	chr	288000	289000	1000	0.2753212432010743
290	chr	289000	290000	1000	0.2356836852326706
291	chr	290000	291000	1000	0.2379421221864952
292	chr	291000	292000	1000	0.25513103901009704
293	chr	292000	293000	1000	0.28082284362591875
294	chr	293000	294000	1000	0.2822449273977658
295	chr	294000	295000	1000	0.268774107177149
296	chr	295000	296000	1000	0.2727665969994477
297	chr	296000	297000	1000	0.2858385335741168
298	chr	297000	298000	1000	0.2111967146348086
299	chr	298000	299000	1000	0.3169753859472763
300	chr	299000	300000	1000	0.23736898523576924
301	chr	300000	301000	1000	0.19891818954696638
302	chr	301000	302000	1000	0.2130152105905941
303	chr	302000	303000	1000	0.29216793118666445
304	chr	303000	304000	1000	0.23395179908778646
305	chr	304000	305000	1000	0.28018436328553453
306	chr	305000	306000	1000	0.22565422565422566
307	chr	306000	307000	1000	0.20625866364782822
308	chr	307000	308000	1000	0.23733398138220357
309	chr	308000	309000	1000	0.22878961992284363
310	chr	309000	310000	1000	0.2590058780336696
311	chr	310000	311000	1000	0.23910237924634664
312	chr	311000	312000	1000	0.2404834875887507
313	chr	312000	313000	1000	0.27515489469195836
314	chr	313000	314000	1000	0.20486636908284442
315	chr	314000	315000	1000	0.16945096956706865
316	chr	315000	316000	1000	0.2204706315986107
317	chr	316000	317000	1000	0.2655597109524527
318	chr	317000	318000	1000	0.23520952718370344
319	chr	318000	319000	1000	0.2225876180435213
320	chr	319000	320000	1000	0.22369511184755592
321	chr	320000	321000	1000	0.18514546948936456
322	chr	321000	322000	1000	0.18974582485236693
323	chr	322000	323000	1000	0.20755110838737512
324	chr	323000	324000	1000	0.2603127540260006
325	chr	324000	325000	1000	0.22295156601216196
326	chr	325000	326000	1000	0.23076923076923075
327	chr	326000	327000	1000	0.2782547006493066
328	chr	327000	328000	1000	0.21713827649202755
329	chr	328000	329000	1000	0.21915780248032707
330	chr	329000	330000	1000	0.22279681717663122
331	chr	330000	331000	1000	0.24032509996561582
332	chr	331000	332000	1000	0.2262773722627737
333	chr	332000	333000	1000	0.2280843508807485
334	chr	333000	334000	1000	0.2748637336224123
335	chr	334000	335000	1000	0.17901897601145722
336	chr	335000	336000	1000	0.23697802267887955
337	chr	336000	337000	1000	0.2497434025282336
338	chr	337000	338000	1000	0.23594824205713524
339	chr	338000	339000	1000	0.22573588131822728
340	chr	339000	340000	1000	0.27699579774122673
341	chr	340000	341000	1000	0.24505855752364258
342	chr	341000	342000	1000	0.2990225386532735
343	chr	342000	343000	1000	0.27815340113561626
344	chr	343000	344000	1000	0.20539856755461636
345	chr	344000	345000	1000	0.164435764058856
346	chr	345000	346000	1000	0.23509036677024694
347	chr	346000	347000	1000	0.26339077985181664
348	chr	347000	348000	1000	0.22164436771687526
349	chr	348000	349000	1000	0.22471910112359555
350	chr	349000	350000	1000	0.27237792404564426
351	chr	350000	351000	1000	0.23122300485953448
352	chr	351000	352000	1000	0.28566340750110647
353	chr	352000	353000	1000	0.20423703668136323
354	chr	353000	354000	1000	0.2402097902097902
355	chr	354000	355000	1000	0.2567560466811627
356	chr	355000	356000	1000	0.23892397332952825
357	chr	356000	357000	1000	0.274668864296366
358	chr	357000	358000	1000	0.215922934302681
359	chr	358000	359000	1000	0.20361025833735674
360	chr	359000	360000	1000	0.24648981522974878
361	chr	360000	361000	1000	0.23823068463976682
362	chr	361000	362000	1000	0.21407099027710386
363	chr	362000	363000	1000	0.22837503169804996
364	chr	363000	364000	1000	0.2708269080553548
365	chr	364000	365000	1000	0.2811715646415558
366	chr	365000	366000	1000	0.26776468493380257
367	chr	366000	367000	1000	0.25910320734668874
368	chr	367000	368000	1000	0.2448712284920763
369	chr	368000	369000	1000	0.27595585576192394
370	chr	369000	370000	1000	0.2695851794159568
371	chr	370000	371000	1000	0.26719635388305674
372	chr	371000	372000	1000	0.25524041688418225
373	chr	372000	373000	1000	0.2780514643507015
374	chr	373000	374000	1000	0.25870852839901626
375	chr	374000	375000	1000	0.24671776086000072
376	chr	375000	376000	1000	0.22166687367380636
377	chr	376000	377000	1000	0.24737780060462197
378	chr	377000	378000	1000	0.22825396825396824
379	chr	378000	379000	1000	0.2540159691221999
380	chr	379000	380000	1000	0.282918857187863
381	chr	380000	381000	1000	0.19258221175715087
382	chr	381000	382000	1000	0.23743638615358456
383	chr	382000	383000	1000	0.23845275108347463
384	chr	383000	384000	1000	0.22930217103784054
385	chr	384000	385000	1000	0.23079218532055013
386	chr	385000	386000	1000	0.24393617579190266
387	chr	386000	387000	1000	0.25204059822647434
388	chr	387000	388000	1000	0.2467581170338063
389	chr	388000	389000	1000	0.2507552870090634
390	chr	389000	390000	1000	0.23987085465147953
391	chr	390000	391000	1000	0.22426569818210684
392	chr	391000	392000	1000	0.23613500454146144
393	chr	392000	393000	1000	0.22763950422275872
394	chr	393000	394000	1000	0.2529410737461124
395	chr	394000	395000	1000	0.2671514725312194
396	chr	395000	396000	1000	0.20152706586374255
397	chr	396000	397000	1000	0.19486752665045196
398	chr	397000	398000	1000	0.22432024502027145
399	chr	398000	399000	1000	0.21804252674669647
400	chr	399000	400000	1000	0.2511191523323866
401	chr	400000	401000	1000	0.17647058823529413
402	chr	401000	402000	1000	0.282918857187863
403	chr	402000	403000	1000	0.19191049913941483
404	chr	403000	404000	1000	0.2721198830409357
405	chr	404000	405000	1000	0.23527981358706204
406	chr	405000	406000	1000	0.29659314557504474
407	chr	406000	407000	1000	0.28366854535385466
408	chr	407000	408000	1000	0.24858119658119657
409	chr	408000	409000	1000	0.25898413113219876
410	chr	409000	410000	1000	0.2594493640251692
411	chr	410000	411000	1000	0.24201298211284114
412	chr	411000	412000	1000	0.2923620855511814
413	chr	412000	413000	1000	0.2960508477386838
414	chr	413000	414000	1000	0.24025474930821397
415	chr	414000	415000	1000	0.2878855307439524
416	chr	415000	416000	1000	0.19946236095176711
417	chr	416000	417000	1000	0.2620717985062422
418	chr	417000	418000	1000	0.24103522376903666
419	chr	418000	419000	1000	0.3044648311476444
420	chr	419000	420000	1000	0.3061836640516844
421	chr	420000	421000	1000	0.2738336427466561
422	chr	421000	422000	1000	0.32185202056532036
423	chr	422000	423000	1000	0.28071082848751566
424	chr	423000	424000	1000	0.2832568550852133
425	chr	424000	425000	1000	0.29744795796489043
426	chr	425000	426000	1000	0.23910043637000541
427	chr	426000	427000	1000	0.2444390865510846
428	chr	427000	428000	1000	0.2343126295820404
429	chr	428000	429000	1000	0.19619418678924413
430	chr	429000	430000	1000	
431	chr	430000	431000	1000	0.3008968977748062
432	chr	431000	432000	1000	0.34366925064599485
433	chr	432000	433000	1000	0.2691595183298395
434	chr	433000	434000	1000	0.26207798146036265
435	chr	434000	435000	1000	0.23136150267302033
436	chr	435000	436000	1000	0.2171512674042312
437	chr	436000	437000	1000	0.22264875239923226
438	chr	437000	438000	1000	0.279751215862327
439	chr	438000	439000	1000	0.2002125850340136
440	chr	439000	440000	1000	0.18652670931720547
441	chr	440000	441000	1000	0.23094428719428722
442	chr	441000	442000	1000	0.234282172751165
443	chr	442000	443000	1000	0.24760027618759003
444	chr	443000	444000	1000	0.26131850675139
445	chr	444000	445000	1000	0.2484848484848485
446	chr	445000	446000	1000	0.23785461868738075
447	chr	446000	447000	1000	0.295104142271739
448	chr	447000	448000	1000	0.23909689185638552
449	chr	448000	449000	1000	0.29326139667494266
450	chr	449000	450000	1000	0.23286465051248104
451	chr	450000	451000	1000	0.223035726911919
452	chr	451000	452000	1000	0.24548155758824022
453	chr	452000	453000	1000	0.1967057671053954
454	chr	453000	454000	1000	0.2884153005464481
455	chr	454000	455000	1000	0.3058895366661495
456	chr	455000	456000	1000	0.30640539098425035
457	chr	456000	457000	1000	0.2657290878821122
458	chr	457000	458000	1000	0.2563642914640966
459	chr	458000	459000	1000	0.22560684344132378
460	chr	459000	460000	1000	0.226550079491256
461	chr	460000	461000	1000	0.22264875239923226
462	chr	461000	462000	1000	0.279751215862327
463	chr	462000	463000	1000	0.19894764599829004
464	chr	463000	464000	1000	0.19636161867990062
465	chr	464000	465000	1000	0.24624414130228084
466	chr	465000	466000	1000	0.18233618233618235
467	chr	466000	467000	1000	0.24760027618759003
468	chr	467000	468000	1000	0.2596685082872928
469	chr	468000	469000	1000	0.2625
470	chr	469000	470000	1000	0.23286465051248104
471	chr	470000	471000	1000	0.2798669631915586
472	chr	471000	472000	1000	0.27434053205975173
473	chr	472000	473000	1000	0.24599708879184864
474	chr	473000	474000	1000	0.2826865198421336
475	chr	474000	475000	1000	0.23809406481539036
476	chr	475000	476000	1000	0.25802887476171654
477	chr	476000	477000	1000	0.22857251877555967
478	chr	477000	478000	1000	0.20915125006159388
479	chr	478000	479000	1000	0.212769885193569
480	chr	479000	480000	1000	0.2603572183470725
481	chr	480000	481000	1000	0.22820811492914
482	chr	481000	482000	1000	0.2250015587410985
483	chr	482000	483000	1000	0.2425871825259712
484	chr	483000	484000	1000	0.20395550061804701
485	chr	484000	485000	1000	0.21834399102900054
486	chr	485000	486000	1000	0.2518105933776735
487	chr	486000	487000	1000	0.26733185903751155
488	chr	487000	488000	1000	0.28095438680981444
489	chr	488000	489000	1000	0.28269043059597626
490	chr	489000	490000	1000	0.2632380632035718
491	chr	490000	491000	1000	0.3099797286158625
492	chr	491000	492000	1000	0.2805653873736322
493	chr	492000	493000	1000	0.23041979949874686
494	chr	493000	494000	1000	0.2529070881226054
495	chr	494000	495000	1000	0.24267976619366227
496	chr	495000	496000	1000	0.2890160581730041
497	chr	496000	497000	1000	0.2866066989949114
498	chr	497000	498000	1000	0.25604620119832944
499	chr	498000	499000	1000	0.1882106859665356
500	chr	499000	500000	1000	0.2501313883583505
501	chr	500000	501000	1000	0.2951025814596246
502	chr	501000	502000	1000	0.32426592534472226
503	chr	502000	503000	1000	0.23636215777452252
504	chr	503000	504000	1000	0.2751956260355859
505	chr	504000	505000	1000	0.20972097209720975
506	chr	505000	506000	1000	0.2111069551312498
507	chr	506000	507000	1000	0.2144640540349207
508	chr	507000	508000	1000	0.24590271628831686
509	chr	508000	509000	1000	0.2883653628425376
510	chr	509000	510000	1000	0.2791537793889872
511	chr	510000	511000	1000	0.26033811842902926
512	chr	511000	512000	1000	0.2635403761116597
513	chr	512000	513000	1000	0.21988898996024525
514	chr	513000	514000	1000	0.30907302941875914
515	chr	514000	515000	1000	0.2523015810367957
516	chr	515000	516000	1000	0.18829244203306889
517	chr	516000	517000	1000	0.243111390751906
518	chr	517000	518000	1000	0.2047244094488189
519	chr	518000	519000	1000	0.22666407586634135
520	chr	519000	520000	1000	0.23841568276350883
521	chr	520000	521000	1000	0.2625617100286863
522	chr	521000	522000	1000	0.23488951233399505
523	chr	522000	523000	1000	0.20055567115589032
524	chr	523000	524000	1000	0.24349478185247017
525	chr	524000	525000	1000	0.21172949566989302
526	chr	525000	526000	1000	0.2622092452287096
527	chr	526000	527000	1000	0.26523333737272364
528	chr	527000	528000	1000	0.35280373672533993
529	chr	528000	529000	1000	0.2517616027518187
530	chr	529000	530000	1000	0.2619236983777384
531	chr	530000	531000	1000	0.22227543304181627
532	chr	531000	532000	1000	0.32431914044393356
533	chr	532000	533000	1000	0.28642774698738216
534	chr	533000	534000	1000	0.21249864332504614
535	chr	534000	535000	1000	0.20492386376994545
536	chr	535000	536000	1000	0.26005775469739106
537	chr	536000	537000	1000	0.19840231226933797
538	chr	537000	538000	1000	0.20923702769332145
539	chr	538000	539000	1000	0.1962718715758445
540	chr	539000	540000	1000	0.24753438384252888
541	chr	540000	541000	1000	0.2268977829322657
542	chr	541000	542000	1000	0.25811473811473806
543	chr	542000	543000	1000	0.1795322384455729
544	chr	543000	544000	1000	0.24104761717391165
545	chr	544000	545000	1000	0.21013959001001467
546	chr	545000	546000	1000	0.20978508582087194
547	chr	546000	547000	1000	0.2744765043493857
548	chr	547000	548000	1000	0.23193795308208387
549	chr	548000	549000	1000	0.2872423832344251
550	chr	549000	550000	1000	0.2246546914336259
551	chr	550000	551000	1000	0.21539620611102633
552	chr	551000	552000	1000	0.24210926853579676
553	chr	552000	553000	1000	0.23418974479210963
554	chr	553000	554000	1000	0.20946794776304684
555	chr	554000	555000	1000	0.3472691441441441
556	chr	555000	556000	1000	0.2706985689368445
557	chr	556000	557000	1000	0.23130305888694247
558	chr	557000	558000	1000	0.2624207684467348
559	chr	558000	559000	1000	0.3029978586723769
560	chr	559000	560000	1000	0.26005690205404947
561	chr	560000	561000	1000	0.2920553819678802
562	chr	561000	562000	1000	0.2221085199967103
563	chr	562000	563000	1000	0.2660264391431755
564	chr	563000	564000	1000	0.2770562770562771
565	chr	564000	565000	1000	0.33132791327913275
566	chr	565000	566000	1000	0.48761338458591535
567	chr	566000	567000	1000	0.45590817208181883
568	chr	567000	568000	1000	0.3822379567901586
569	chr	568000	569000	1000	0.42001043761879675
570	chr	569000	570000	1000	0.3614607615646186
571	chr	570000	571000	1000	0.2623969311491078
572	chr	571000	572000	1000	0.27551043595632463
573	chr	572000	573000	1000	0.3437062868857042
574	chr	573000	574000	1000	0.1845009524952375
575	chr	574000	575000	1000	0.20848304457030914
576	chr	575000	576000	1000	0.18284360433674124
577	chr	576000	577000	1000	0.2641266806376831
578	chr	577000	578000	1000	0.3026987718164189
579	chr	578000	579000	1000	0.28549559892843474
580	chr	579000	580000	1000	0.2540816173428816
581	chr	580000	581000	1000	0.2625650454776599
582	chr	581000	582000	1000	0.21405491901650445
583	chr	582000	583000	1000	0.2272423599417452
584	chr	583000	584000	1000	0.24272984553123717
585	chr	584000	585000	1000	0.21531340310545824
586	chr	585000	586000	1000	0.20075757575757572
587	chr	586000	587000	1000	0.20652654441509918
588	chr	587000	588000	1000	0.21219484690822268
589	chr	588000	589000	1000	0.27795424684559067
590	chr	589000	590000	1000	0.3080628367909813
591	chr	590000	591000	1000	0.2371791452873809
592	chr	591000	592000	1000	0.23854028605929042
593	chr	592000	593000	1000	0.22852661371898103
594	chr	593000	594000	1000	0.24224058007112514
595	chr	594000	595000	1000	0.21442853416848837
596	chr	595000	596000	1000	0.21437740693196405
597	chr	596000	597000	1000	0.27000398925936275
598	chr	597000	598000	1000	0.23056073917848838
599	chr	598000	599000	1000	0.23593402145314712
600	chr	599000	600000	1000	0.22110190192239396
601	chr	600000	601000	1000	0.24252693628865535
602	chr	601000	602000	1000	0.21376895296232634
603	chr	602000	603000	1000	0.24680770451885045
604	chr	603000	604000	1000	0.25216570160860396
605	chr	604000	605000	1000	0.2365816920220382
606	chr	605000	606000	1000	0.255317098503393
607	chr	606000	607000	1000	0.21706204452073843
608	chr	607000	608000	1000	0.20530721284873804
609	chr	608000	609000	1000	0.30527497194163866
610	chr	609000	610000	1000	0.20429883650407157
611	chr	610000	611000	1000	0.18812360189431301
612	chr	611000	612000	1000	0.25394182830364853
613	chr	612000	613000	1000	0.24609359711605538
614	chr	613000	614000	1000	0.27867033737159885
615	chr	614000	615000	1000	0.29288951594120816
616	chr	615000	616000	1000	0.22226069157738873
617	chr	616000	617000	1000	0.2654012534347377
618	chr	617000	618000	1000	0.20234777517564403
619	chr	618000	619000	1000	0.2678062678062678
620	chr	619000	620000	1000	0.21277435020989643
621	chr	620000	621000	1000	0.23536141582951609
622	chr	621000	622000	1000	0.32412737557665094
623	chr	622000	623000	1000	0.2940811242214837
624	chr	623000	624000	1000	0.2508945754962339
625	chr	624000	625000	1000	0.2383014703403537
626	chr	625000	626000	1000	0.2697296431758617
627	chr	626000	627000	1000	0.2330304649919829
628	chr	627000	628000	1000	
629	chr	628000	629000	1000	0.31992337164750956
630	chr	629000	630000	1000	0.2727247772122525
631	chr	630000	631000	1000	
632	chr	631000	632000	1000	0.23948582173068692
633	chr	632000	633000	1000	0.2356799201932772
634	chr	633000	634000	1000	0.2962915601023018
635	chr	634000	635000	1000	0.2741589948468531
636	chr	635000	636000	1000	0.21306031303169215
637	chr	636000	637000	1000	0.21256038647342992
638	chr	637000	638000	1000	0.22034487900796007
639	chr	638000	639000	1000	0.2931963328402522
640	chr	639000	640000	1000	0.22582242583402348
641	chr	640000	641000	1000	0.3117217079415294
642	chr	641000	642000	1000	0.2866564812505197
643	chr	642000	643000	1000	0.2905691990060322
644	chr	643000	644000	1000	0.31901840490797545
645	chr	644000	645000	1000	0.31329869951000044
646	chr	645000	646000	1000	0.22544665186421645
647	chr	646000	647000	1000	0.2712110001233198
648	chr	647000	648000	1000	0.2527370337650352
649	chr	648000	649000	1000	0.2529619366173736
650	chr	649000	650000	1000	0.22196599678732187
651	chr	650000	651000	1000	0.24219826937222666
652	chr	651000	652000	1000	0.23786970193051032
653	chr	652000	653000	1000	0.17370558899786478
654	chr	653000	654000	1000	0.21263235524320842
655	chr	654000	655000	1000	0.2645572141635226
656	chr	655000	656000	1000	0.2949337120375295
657	chr	656000	657000	1000	0.19143769443684566
658	chr	657000	658000	1000	0.18672917191039518
659	chr	658000	659000	1000	0.19704101685772643
660	chr	659000	660000	1000	0.1962200201889468
661	chr	660000	661000	1000	0.18376068376068372
662	chr	661000	662000	1000	0.21336924670165655
663	chr	662000	663000	1000	0.2492848458452453
664	chr	663000	664000	1000	0.3193116634799235
665	chr	664000	665000	1000	0.33088498134286437
666	chr	665000	666000	1000	0.33173031570545214
667	chr	666000	667000	1000	0.37846820373719114
668	chr	667000	668000	1000	0.2833527125167737
669	chr	668000	669000	1000	0.2266709110040502
670	chr	669000	670000	1000	0.22309085075612198
671	chr	670000	671000	1000	0.22326301364888457
672	chr	671000	672000	1000	0.244281045751634
673	chr	672000	673000	1000	0.2408376963350785
674	chr	673000	674000	1000	0.14947368421052631
675	chr	674000	675000	1000	0.2163363592593947
676	chr	675000	676000	1000	0.2124440462001739
677	chr	676000	677000	1000	0.1981182123016866
678	chr	677000	678000	1000	0.28565322754134875
679	chr	678000	679000	1000	0.25804910506215123
680	chr	679000	680000	1000	0.21128439747236402
681	chr	680000	681000	1000	0.23931830990363936
682	chr	681000	682000	1000	0.2494908350305499
683	chr	682000	683000	1000	0.26306379738346974
684	chr	683000	684000	1000	0.23169100419750036
685	chr	684000	685000	1000	0.26495726495726496
686	chr	685000	686000	1000	0.22541488313160335
687	chr	686000	687000	1000	0.2418682235195997
688	chr	687000	688000	1000	0.2638711054204012
689	chr	688000	689000	1000	0.24388213331137035
690	chr	689000	690000	1000	0.2591172709000102
691	chr	690000	691000	1000	0.2659752799999397
692	chr	691000	692000	1000	0.19848508686184038
693	chr	692000	693000	1000	0.2959649699270894
694	chr	693000	694000	1000	0.2600039632635856
695	chr	694000	695000	1000	0.23905985291018383
696	chr	695000	696000	1000	0.30823625429553264
697	chr	696000	697000	1000	0.2628933413013395
698	chr	697000	698000	1000	0.27796346257237764
699	chr	698000	699000	1000	0.2748046921657866
700	chr	699000	700000	1000	0.28132567505802425
701	chr	700000	701000	1000	0.26272421421752223
702	chr	701000	702000	1000	0.2304829503432498
703	chr	702000	703000	1000	0.2076406629281712
704	chr	703000	704000	1000	0.23818032670914974
705	chr	704000	705000	1000	0.25625
706	chr	705000	706000	1000	0.26723177651383795
707	chr	706000	707000	1000	0.1990786471821433
708	chr	707000	708000	1000	0.22725481768034964
709	chr	708000	709000	1000	0.24412055780476832
710	chr	709000	710000	1000	0.2207851037851038
711	chr	710000	711000	1000	0.22703665348647462
712	chr	711000	712000	1000	0.2522522522522523
713	chr	712000	713000	1000	0.26794655435741466
714	chr	713000	714000	1000	0.2136752136752137
715	chr	714000	715000	1000	0.24936779780138177
716	chr	715000	716000	1000	0.2239059216096419
717	chr	716000	717000	1000	0.2623389192338001
718	chr	717000	718000	1000	
719	chr	718000	719000	1000	0.21523122659025296
720	chr	719000	720000	1000	0.23019863952506442
721	chr	720000	721000	1000	0.25890038053856973
722	chr	721000	722000	1000	0.23881722827890434
723	chr	722000	723000	1000	0.2579755028341021
724	chr	723000	724000	1000	0.24098341830875936
725	chr	724000	725000	1000	0.21626823912735518
726	chr	725000	726000	1000	0.28623742870825897
727	chr	726000	727000	1000	0.21181784644573076
728	chr	727000	728000	1000	0.27923976608187134
729	chr	728000	729000	1000	0.2354106269795351
730	chr	729000	730000	1000	0.26810814687320716
731	chr	730000	731000	1000	0.25683480357597877
732	chr	731000	732000	1000	0.22194444444444447
733	chr	732000	733000	1000	0.20235969574170887
734	chr	733000	734000	1000	0.24321179514688715
735	chr	734000	735000	1000	0.21016335875510062
736	chr	735000	736000	1000	0.29301647296383215
737	chr	736000	737000	1000	0.2729951803775748
738	chr	737000	738000	1000	0.27056957456398095
739	chr	738000	739000	1000	0.27287667726395487
740	chr	739000	740000	1000	0.2140469984441616
741	chr	740000	741000	1000	0.2356073749294208
742	chr	741000	742000	1000	0.2676297020029311
743	chr	742000	743000	1000	0.1864638848894046
744	chr	743000	744000	1000	0.2295965861016076
745	chr	744000	745000	1000	0.24627158555729983
746	chr	745000	746000	1000	
747	chr	746000	747000	1000	0.30080906148867315
748	chr	747000	748000	1000	0.2269503546099291
749	chr	748000	749000	1000	0.2360055053625505
750	chr	749000	750000	1000	0.20862705672170806
751	chr	750000	751000	1000	0.27256707076231274
752	chr	751000	752000	1000	0.18909962538967331
753	chr	752000	753000	1000	0.24157023255999277
754	chr	753000	754000	1000	0.2452142206016409
755	chr	754000	755000	1000	0.25870870360596354
756	chr	755000	756000	1000	0.29876773179589905
757	chr	756000	757000	1000	0.24696692911500584
758	chr	757000	758000	1000	0.2113280582936744
759	chr	758000	759000	1000	0.20737285574982503
760	chr	759000	760000	1000	0.25577631460087724
761	chr	760000	761000	1000	0.2402281128317493
762	chr	761000	762000	1000	0.25158750380950956
763	chr	762000	763000	1000	0.2327275743432414
764	chr	763000	764000	1000	0.21947745079664158
765	chr	764000	765000	1000	0.2245064430792988
766	chr	765000	766000	1000	0.28416228546752204
767	chr	766000	767000	1000	0.23643075329602883
768	chr	767000	768000	1000	0.2644226812608016
769	chr	768000	769000	1000	0.21388631500006525
770	chr	769000	770000	1000	0.27696735581910703
771	chr	770000	771000	1000	0.27963673923919485
772	chr	771000	772000	1000	0.27126984126984127
773	chr	772000	773000	1000	0.24832905586878723
774	chr	773000	774000	1000	0.31287001287001287
775	chr	774000	775000	1000	0.31876347210050293
776	chr	775000	776000	1000	0.31251729317364324
777	chr	776000	777000	1000	0.28316176188671927
778	chr	777000	778000	1000	0.2650611456768934
779	chr	778000	779000	1000	0.27053866488936185
780	chr	779000	780000	1000	0.197357905129049
781	chr	780000	781000	1000	0.26285009247279273
782	chr	781000	782000	1000	0.21746425170413697
783	chr	782000	783000	1000	0.3242420552536816
784	chr	783000	784000	1000	0.2953437301138705
785	chr	784000	785000	1000	0.29283090052762994
786	chr	785000	786000	1000	0.29706899049364405
787	chr	786000	787000	1000	0.33300452441077444
788	chr	787000	788000	1000	0.3203381559775588
789	chr	788000	789000	1000	0.3342096927462781
790	chr	789000	790000	1000	0.27964206132168296
791	chr	790000	791000	1000	0.38139931740614336
792	chr	791000	792000	1000	0.174055829228243
793	chr	792000	793000	1000	0.24596281556568966
794	chr	793000	794000	1000	0.23076923076923075
795	chr	794000	795000	1000	0.23389345466308553
796	chr	795000	796000	1000	0.2659041143086956
797	chr	796000	797000	1000	0.2545231812650509
798	chr	797000	798000	1000	0.3176710375860404
799	chr	798000	799000	1000	0.23469967052462617
800	chr	799000	800000	1000	0.17460331868343024
801	chr	800000	801000	1000	0.21712538226299696
802	chr	801000	802000	1000	0.30429754291727457
803	chr	802000	803000	1000	0.19649122807017544
804	chr	803000	804000	1000	0.258357916921928
805	chr	804000	805000	1000	0.19454698330667322
806	chr	805000	806000	1000	0.19463466116010963
807	chr	806000	807000	1000	0.18826302804201253
808	chr	807000	808000	1000	0.20726367681466962
809	chr	808000	809000	1000	0.29704510108864696
810	chr	809000	810000	1000	0.2366790582403965
811	chr	810000	811000	1000	0.2368633717739886
812	chr	811000	812000	1000	0.27114685579608433
813	chr	812000	813000	1000	0.276277192810898
814	chr	813000	814000	1000	0.22155952332231835
815	chr	814000	815000	1000	0.15869130786605928
816	chr	815000	816000	1000	0.18648608825801927
817	chr	816000	817000	1000	0.2547598033579651
818	chr	817000	818000	1000	0.25012605291435175
819	chr	818000	819000	1000	0.2184594418236471
820	chr	819000	820000	1000	0.21297997754616857
821	chr	820000	821000	1000	0.18918057569887167
822	chr	821000	822000	1000	0.27648873604465707
823	chr	822000	823000	1000	0.25205833921430254
824	chr	823000	824000	1000	0.2570006246355488
825	chr	824000	825000	1000	0.23623977436109458
826	chr	825000	826000	1000	0.21140006373321624
827	chr	826000	827000	1000	0.17847170555589828
828	chr	827000	828000	1000	0.24832639461390796
829	chr	828000	829000	1000	0.23464770512097277
830	chr	829000	830000	1000	0.21111652337447046
831	chr	830000	831000	1000	0.2057335581787521
832	chr	831000	832000	1000	0.2532885786753555
833	chr	832000	833000	1000	0.21557977926644203
834	chr	833000	834000	1000	0.17232634830522625
835	chr	834000	835000	1000	0.17311874065339058
836	chr	835000	836000	1000	0.2216774232792968
837	chr	836000	837000	1000	0.22089999093437532
838	chr	837000	838000	1000	0.22178359771507025
839	chr	838000	839000	1000	0.1816168132525443
840	chr	839000	840000	1000	0.2666451780809854
841	chr	840000	841000	1000	0.18806320504356422
842	chr	841000	842000	1000	0.22806187752121856
843	chr	842000	843000	1000	0.19180290221995042
844	chr	843000	844000	1000	0.19035944405624497
845	chr	844000	845000	1000	0.2602345514652885
846	chr	845000	846000	1000	0.260973128035533
847	chr	846000	847000	1000	0.22640720719241697
848	chr	847000	848000	1000	0.20223635194330852
849	chr	848000	849000	1000	0.21792566024106363
850	chr	849000	850000	1000	0.23750078046953052
851	chr	850000	851000	1000	0.22508951981505912
852	chr	851000	852000	1000	0.21195791914164813
853	chr	852000	853000	1000	0.21442725823072686
854	chr	853000	854000	1000	0.27028501431776164
855	chr	854000	855000	1000	0.2519276881254521
856	chr	855000	856000	1000	0.1974374435563974
857	chr	856000	857000	1000	0.23295412067028254
858	chr	857000	858000	1000	0.16339937434827945
859	chr	858000	859000	1000	0.2597812712851274
860	chr	859000	860000	1000	0.26299276421287804
861	chr	860000	861000	1000	0.21332565284178187
862	chr	861000	862000	1000	0.2166929857998584
863	chr	862000	863000	1000	0.2622913049547255
864	chr	863000	864000	1000	0.26312656171914045
865	chr	864000	865000	1000	0.22414834796649075
866	chr	865000	866000	1000	0.23600504351090779
867	chr	866000	867000	1000	0.20772891535603394
868	chr	867000	868000	1000	0.1905581719050061
869	chr	868000	869000	1000	0.20899151097610813
870	chr	869000	870000	1000	0.2267908842955501
871	chr	870000	871000	1000	0.2656802986153021
872	chr	871000	872000	1000	0.24618456103266942
873	chr	872000	873000	1000	0.26530915357861157
874	chr	873000	874000	1000	0.2334734613890722
875	chr	874000	875000	1000	0.22176379323659284
876	chr	875000	876000	1000	0.2344796008589112
877	chr	876000	877000	1000	0.2072214766896826
878	chr	877000	878000	1000	0.207843137254902
879	chr	878000	879000	1000	0.23765108904126747
880	chr	879000	880000	1000	0.30012291138983904
881	chr	880000	881000	1000	0.21485774032365154
882	chr	881000	882000	1000	0.24013339031110395
883	chr	882000	883000	1000	0.22403587543007994
884	chr	883000	884000	1000	0.21667375142349235
885	chr	884000	885000	1000	0.26559422975462205
886	chr	885000	886000	1000	0.34253840695580634
887	chr	886000	887000	1000	0.2530067867445763
888	chr	887000	888000	1000	0.23473998294970164
889	chr	888000	889000	1000	0.2028064645922747
890	chr	889000	890000	1000	0.2573199119526259
891	chr	890000	891000	1000	0.26775622287887557
892	chr	891000	892000	1000	0.23814810113980378
893	chr	892000	893000	1000	0.19266191906433944
894	chr	893000	894000	1000	0.18863615916247498
895	chr	894000	895000	1000	0.19283690138772483
896	chr	895000	896000	1000	0.20477405406863594
897	chr	896000	897000	1000	0.21961241519226582
898	chr	897000	898000	1000	0.23134580781396155
899	chr	898000	899000	1000	0.2437674224577935
900	chr	899000	900000	1000	0.2958628841607565
901	chr	900000	901000	1000	0.2483063053451403
902	chr	901000	902000	1000	0.25860275321984294
903	chr	902000	903000	1000	
904	chr	903000	904000	1000	0.17942295546111828
905	chr	904000	905000	1000	0.2622406578928318
906	chr	905000	906000	1000	0.2847997252166561
907	chr	906000	907000	1000	0.2534925664216282
908	chr	907000	908000	1000	0.245280593711929
909	chr	908000	909000	1000	0.21766960781936495
910	chr	909000	910000	1000	0.22219095267875758
911	chr	910000	911000	1000	0.2551565703950645
912	chr	911000	912000	1000	0.25736790294490136
913	chr	912000	913000	1000	0.2344457237020836
914	chr	913000	914000	1000	0.26107335824168393
915	chr	914000	915000	1000	0.21812788128820668
916	chr	915000	916000	1000	0.25538872740994617
917	chr	916000	917000	1000	0.20309050772626933
918	chr	917000	918000	1000	0.22063334372240404
919	chr	918000	919000	1000	0.17786195286195286
920	chr	919000	920000	1000	0.23553896526337467
921	chr	920000	921000	1000	0.21858335479248517
922	chr	921000	922000	1000	0.20956897950358486
923	chr	922000	923000	1000	0.22732714138286894
924	chr	923000	924000	1000	0.19632606199770375
925	chr	924000	925000	1000	0.2563181309709876
926	chr	925000	926000	1000	0.19949466328249055
927	chr	926000	927000	1000	0.30364538358026943
928	chr	927000	928000	1000	0.2887725132093368
929	chr	928000	929000	1000	0.2644382885208573
930	chr	929000	930000	1000	0.21409574468085105
931	chr	930000	931000	1000	0.2426505917185068
932	chr	931000	932000	1000	0.225
933	chr	932000	933000	1000	0.22554790313176748
934	chr	933000	934000	1000	0.20724683512795777
935	chr	934000	935000	1000	0.18798283261802573
936	chr	935000	936000	1000	0.226612729739045
937	chr	936000	937000	1000	0.20961579060615057
938	chr	937000	938000	1000	0.31276395173453997
939	chr	938000	939000	1000	0.24234759592365385
940	chr	939000	940000	1000	0.2521207029453757
941	chr	940000	941000	1000	0.23778700430146127
942	chr	941000	942000	1000	0.23814816602599267
943	chr	942000	943000	1000	0.2693937412724544
944	chr	943000	944000	1000	0.19834710743801653
945	chr	944000	945000	1000	0.23333031124338213
946	chr	945000	946000	1000	0.2020801112291376
947	chr	946000	947000	1000	0.2702379402019199
948	chr	947000	948000	1000	0.21122834140811209
949	chr	948000	949000	1000	0.22552783563432072
950	chr	949000	950000	1000	0.26856714178544633
951	chr	950000	951000	1000	0.2645846217274788
952	chr	951000	952000	1000	0.23583035285313136
953	chr	952000	953000	1000	0.23471236438817486
954	chr	953000	954000	1000	0.21478551704241794
955	chr	954000	955000	1000	0.238884085940752
956	chr	955000	956000	1000	0.22374386599076282
957	chr	956000	957000	1000	0.22412962062371128
958	chr	957000	958000	1000	0.25617303434285627
959	chr	958000	959000	1000	0.28455108359133124
960	chr	959000	960000	1000	0.267329848615838
961	chr	960000	961000	1000	0.29552408427310084
962	chr	961000	962000	1000	0.2383523534885339
963	chr	962000	963000	1000	0.2507139718152383
964	chr	963000	964000	1000	0.2597818702220592
965	chr	964000	965000	1000	0.24145352371558113
966	chr	965000	966000	1000	0.23328540039209314
967	chr	966000	967000	1000	0.2797391167688198
968	chr	967000	968000	1000	0.28548964849314
969	chr	968000	969000	1000	0.2558675160249861
970	chr	969000	970000	1000	0.2261623325453113
971	chr	970000	971000	1000	0.2601604376318428
972	chr	971000	972000	1000	0.2515853752504238
973	chr	972000	973000	1000	0.27278174802767025
974	chr	973000	974000	1000	0.18601897058330633
975	chr	974000	975000	1000	0.1856812033243828
976	chr	975000	976000	1000	0.23191366000197505
977	chr	976000	977000	1000	0.24814351698267284
978	chr	977000	978000	1000	0.2617169947099248
979	chr	978000	979000	1000	0.23390213807518845
980	chr	979000	980000	1000	0.21526291259648941
981	chr	980000	981000	1000	0.19191356208475202
982	chr	981000	982000	1000	0.195062950486418
983	chr	982000	983000	1000	0.24712355063159702
984	chr	983000	984000	1000	0.23422722944254046
985	chr	984000	985000	1000	0.23957361235121644
986	chr	985000	986000	1000	0.19085675787022865
987	chr	986000	987000	1000	0.2294025116400987
988	chr	987000	988000	1000	0.246976306435251
989	chr	988000	989000	1000	0.2696917839164397
990	chr	989000	990000	1000	0.24041417214320263
991	chr	990000	991000	1000	0.22223517654896735
992	chr	991000	992000	1000	0.3003008299668458
993	chr	992000	993000	1000	0.21159420289855074
994	chr	993000	994000	1000	0.23131080389144903
995	chr	994000	995000	1000	0.18996112644292115
996	chr	995000	996000	1000	0.2218008501160675
997	chr	996000	997000	1000	0.17749287012651818
998	chr	997000	998000	1000	0.23369281109024378
999	chr	998000	999000	1000	0.224712880847879
1000	chr	999000	1000000	1000	0.212271018748773
1001	chr	1000000	1001000	1000	0.20807743054529068
1002	chr	1001000	1002000	1000	0.26558506461055187
1003	chr	1002000	1003000	1000	0.1851032448377581
1004	chr	1003000	1004000	1000	0.13367963530376747
1005	chr	1004000	1005000	1000	0.2247998874977695
1006	chr	1005000	1006000	1000	0.2342139220380146
1007	chr	1006000	1007000	1000	0.25508899989246947
1008	chr	1007000	1008000	1000	0.2945383484723586
1009	chr	1008000	1009000	1000	0.20793973894543152
1010	chr	1009000	1010000	1000	0.22651557033761013
1011	chr	1010000	1011000	1000	0.28077719292434533
1012	chr	1011000	1012000	1000	0.19668102229328058
1013	chr	1012000	1013000	1000	0.1652416419559277
1014	chr	1013000	1014000	1000	0.18717187350764997
1015	chr	1014000	1015000	1000	0.242256047944327
1016	chr	1015000	1016000	1000	0.23649043312588539
1017	chr	1016000	1017000	1000	0.20601126472094214
1018	chr	1017000	1018000	1000	0.1974497695269529
1019	chr	1018000	1019000	1000	0.19963972120834864
1020	chr	1019000	1020000	1000	0.16591198939525298
1021	chr	1020000	1021000	1000	0.25212234992078114
1022	chr	1021000	1022000	1000	0.24858411690186522
1023	chr	1022000	1023000	1000	0.26787577076239805
1024	chr	1023000	1024000	1000	0.2485560403941028
1025	chr	1024000	1025000	1000	0.22807474256623858
1026	chr	1025000	1026000	1000	0.2532523942172873
1027	chr	1026000	1027000	1000	0.25210084033613445
1028	chr	1027000	1028000	1000	0.2374045771652138
1029	chr	1028000	1029000	1000	0.2516699114510189
1030	chr	1029000	1030000	1000	0.26557577100692514
1031	chr	1030000	1031000	1000	0.22356657195398483
1032	chr	1031000	1032000	1000	0.21249393027919616
1033	chr	1032000	1033000	1000	0.19187384375082117
1034	chr	1033000	1034000	1000	0.35132402429188825
1035	chr	1034000	1035000	1000	0.24497238456751314
1036	chr	1035000	1036000	1000	0.2807067855021342
1037	chr	1036000	1037000	1000	0.3103961479603603
1038	chr	1037000	1038000	1000	0.24703773064869092
1039	chr	1038000	1039000	1000	0.22926980139805148
1040	chr	1039000	1040000	1000	0.2910378219388399
1041	chr	1040000	1041000	1000	0.24782531219627765
1042	chr	1041000	1042000	1000	0.25476795931341384
1043	chr	1042000	1043000	1000	0.22857320449049712
1044	chr	1043000	1044000	1000	0.20879242166062673
1045	chr	1044000	1045000	1000	0.22998251959347374
1046	chr	1045000	1046000	1000	0.234429703335176
1047	chr	1046000	1047000	1000	0.3034989847802426
1048	chr	1047000	1048000	1000	0.2730393907685733
1049	chr	1048000	1049000	1000	0.27857409732185556
1050	chr	1049000	1050000	1000	0.26433249895702965
1051	chr	1050000	1051000	1000	0.22027967512637414
1052	chr	1051000	1052000	1000	0.2074646440789568
1053	chr	1052000	1053000	1000	0.18843045474919573
1054	chr	1053000	1054000	1000	0.1880598453262476
1055	chr	1054000	1055000	1000	0.19599404072173482
1056	chr	1055000	1056000	1000	0.22372458956833868
1057	chr	1056000	1057000	1000	0.22840641472054446
1058	chr	1057000	1058000	1000	0.2347634444124037
1059	chr	1058000	1059000	1000	0.2459583146058556
1060	chr	1059000	1060000	1000	0.26058438571738296
1061	chr	1060000	1061000	1000	0.2998052955257232
1062	chr	1061000	1062000	1000	0.2831029704818451
1063	chr	1062000	1063000	1000	0.2509149831499937
1064	chr	1063000	1064000	1000	0.22083728272453765
1065	chr	1064000	1065000	1000	0.2284104671200168
1066	chr	1065000	1066000	1000	0.21611947374659235
1067	chr	1066000	1067000	1000	0.2164813068463323
1068	chr	1067000	1068000	1000	0.2937118230589137
1069	chr	1068000	1069000	1000	0.16272209534031393
1070	chr	1069000	1070000	1000	0.21258702459404724
1071	chr	1070000	1071000	1000	0.19963436854977518
1072	chr	1071000	1072000	1000	0.20113272161773085
1073	chr	1072000	1073000	1000	0.26134235771607783
1074	chr	1073000	1074000	1000	0.27657049473901907
1075	chr	1074000	1075000	1000	0.21877585562004245
1076	chr	1075000	1076000	1000	0.27157390718775903
1077	chr	1076000	1077000	1000	0.22769086001548547
1078	chr	1077000	1078000	1000	0.2313761641343972
1079	chr	1078000	1079000	1000	0.26796220184779607
1080	chr	1079000	1080000	1000	0.3366339504961807
1081	chr	1080000	1081000	1000	0.2895414605046145
1082	chr	1081000	1082000	1000	0.21516054834452716
1083	chr	1082000	1083000	1000	0.25626712642765526
1084	chr	1083000	1084000	1000	0.24144761656596567
1085	chr	1084000	1085000	1000	0.1899726623599801
1086	chr	1085000	1086000	1000	0.2667722772802619
1087	chr	1086000	1087000	1000	0.2356414166176794
1088	chr	1087000	1088000	1000	0.3185244594963158
1089	chr	1088000	1089000	1000	0.22445824289572774
1090	chr	1089000	1090000	1000	0.18182603234416708
1091	chr	1090000	1091000	1000	0.20033314378936057
1092	chr	1091000	1092000	1000	0.1981931373951904
1093	chr	1092000	1093000	1000	0.20718713680920925
1094	chr	1093000	1094000	1000	0.25252455591108836
1095	chr	1094000	1095000	1000	0.20506174812594674
1096	chr	1095000	1096000	1000	0.24584917905664003
1097	chr	1096000	1097000	1000	0.25409746138285033
1098	chr	1097000	1098000	1000	0.2508601776818996
1099	chr	1098000	1099000	1000	0.2055821969126449
1100	chr	1099000	1100000	1000	0.24431093678433036
1101	chr	1100000	1101000	1000	0.21870020196351492
1102	chr	1101000	1102000	1000	0.189119170984456
1103	chr	1102000	1103000	1000	0.18082903939445563
1104	chr	1103000	1104000	1000	0.2062908496732026
1105	chr	1104000	1105000	1000	0.25324782635777876
1106	chr	1105000	1106000	1000	0.1922853306992859
1107	chr	1106000	1107000	1000	0.1910923064344698
1108	chr	1107000	1108000	1000	0.20052400865501704
1109	chr	1108000	1109000	1000	0.2594348036136832
1110	chr	1109000	1110000	1000	0.25504818811745855
1111	chr	1110000	1111000	1000	0.2438530856761258
1112	chr	1111000	1112000	1000	0.2569448614141091
1113	chr	1112000	1113000	1000	0.23352423891223628
1114	chr	1113000	1114000	1000	0.19830367183825195
1115	chr	1114000	1115000	1000	0.24585137085137085
1116	chr	1115000	1116000	1000	0.2301850387417581
1117	chr	1116000	1117000	1000	0.2816641852943374
1118	chr	1117000	1118000	1000	0.2687621406371406
1119	chr	1118000	1119000	1000	0.2049790314194399
1120	chr	1119000	1120000	1000	
1121	chr	1120000	1121000	1000	0.2912025759208793
1122	chr	1121000	1122000	1000	0.26416091346650894
1123	chr	1122000	1123000	1000	0.2410699589086324
1124	chr	1123000	1124000	1000	0.22632116030729224
1125	chr	1124000	1125000	1000	0.29756918080556366
1126	chr	1125000	1126000	1000	
1127	chr	1126000	1127000	1000	0.33057324840764335
1128	chr	1127000	1128000	1000	0.2719101123595505
1129	chr	1128000	1129000	1000	0.28378380050021845
1130	chr	1129000	1130000	1000	0.247410345570589
1131	chr	1130000	1131000	1000	0.4032596014267158
1132	chr	1131000	1132000	1000	0.2840815426904332
1133	chr	1132000	1133000	1000	0.2270972140877296
1134	chr	1133000	1134000	1000	0.22810007876644947
1135	chr	1134000	1135000	1000	0.25589831001062174
1136	chr	1135000	1136000	1000	0.22984321856619427
1137	chr	1136000	1137000	1000	0.25231481481481477
1138	chr	1137000	1138000	1000	0.21507617131359588
1139	chr	1138000	1139000	1000	0.24719472046067517
1140	chr	1139000	1140000	1000	0.2634775850754943
1141	chr	1140000	1141000	1000	0.27947146307744225
1142	chr	1141000	1142000	1000	0.2224275244425851
1143	chr	1142000	1143000	1000	0.26597459583525157
1144	chr	1143000	1144000	1000	0.28181056226547324
1145	chr	1144000	1145000	1000	0.19974453315508914
1146	chr	1145000	1146000	1000	0.2104854326130922
1147	chr	1146000	1147000	1000	0.23292048373524962
1148	chr	1147000	1148000	1000	0.20360865290068828
1149	chr	1148000	1149000	1000	0.17982770997846376
1150	chr	1149000	1150000	1000	0.22338154155261328
1151	chr	1150000	1151000	1000	0.19200750069810985
1152	chr	1151000	1152000	1000	0.20657506390454558
1153	chr	1152000	1153000	1000	0.20236480965571663
1154	chr	1153000	1154000	1000	0.20279569954414708
1155	chr	1154000	1155000	1000	0.20722135007849293
1156	chr	1155000	1156000	1000	0.19050140483288636
1157	chr	1156000	1157000	1000	0.4525029552731349
1158	chr	1157000	1158000	1000	0.49500807614635767
1159	chr	1158000	1159000	1000	0.4271635562937861
1160	chr	1159000	1160000	1000	0.39664831502654896
1161	chr	1160000	1161000	1000	0.3762548398383965
1162	chr	1161000	1162000	1000	0.26651888884830705
1163	chr	1162000	1163000	1000	0.22826960802308302
1164	chr	1163000	1164000	1000	0.26376530085483546
1165	chr	1164000	1165000	1000	0.269563982579893
1166	chr	1165000	1166000	1000	0.2352969664479563
1167	chr	1166000	1167000	1000	0.2519739475482813
1168	chr	1167000	1168000	1000	0.2624415471189665
1169	chr	1168000	1169000	1000	0.22608815870093807
1170	chr	1169000	1170000	1000	0.24952029106629525
1171	chr	1170000	1171000	1000	0.3211527035056447
1172	chr	1171000	1172000	1000	0.27845029101412905
1173	chr	1172000	1173000	1000	0.19580244602624927
1174	chr	1173000	1174000	1000	0.30029912089420485
1175	chr	1174000	1175000	1000	0.27052226257734735
1176	chr	1175000	1176000	1000	0.2383702091951406
1177	chr	1176000	1177000	1000	0.20397910121181467
1178	chr	1177000	1178000	1000	0.24712535159211155
1179	chr	1178000	1179000	1000	0.257476560525364
1180	chr	1179000	1180000	1000	0.2590998620802818
1181	chr	1180000	1181000	1000	0.23852741669806488
1182	chr	1181000	1182000	1000	0.21428571428571427
1183	chr	1182000	1183000	1000	0.19920966753042108
1184	chr	1183000	1184000	1000	0.24176807907966982
1185	chr	1184000	1185000	1000	0.27032308217749784
1186	chr	1185000	1186000	1000	0.24601424208426825
1187	chr	1186000	1187000	1000	0.25668873245400603
1188	chr	1187000	1188000	1000	0.24288048552754438
1189	chr	1188000	1189000	1000	0.2623209603312108
1190	chr	1189000	1190000	1000	0.31704761271874826
1191	chr	1190000	1191000	1000	0.19376408342888787
1192	chr	1191000	1192000	1000	0.19650140576359473
1193	chr	1192000	1193000	1000	
1194	chr	1193000	1194000	1000	0.2671164603340962
1195	chr	1194000	1195000	1000	0.27204016330133507
1196	chr	1195000	1196000	1000	0.2655688251928613
1197	chr	1196000	1197000	1000	0.2543216403884873
1198	chr	1197000	1198000	1000	0.27577257725772575
1199	chr	1198000	1199000	1000	0.25775219662305604
1200	chr	1199000	1200000	1000	0.24522963221375926
1201	chr	1200000	1201000	1000	0.2477929499854479
1202	chr	1201000	1202000	1000	0.2643467845112024
1203	chr	1202000	1203000	1000	0.24708366064414766
1204	chr	1203000	1204000	1000	0.2807569600219771
1205	chr	1204000	1205000	1000	0.2785689170182841
1206	chr	1205000	1206000	1000	0.25522879626753064
1207	chr	1206000	1207000	1000	0.25158186365138147
1208	chr	1207000	1208000	1000	0.27668850345391804
1209	chr	1208000	1209000	1000	0.24365114725601714
1210	chr	1209000	1210000	1000	0.21587598236534405
1211	chr	1210000	1211000	1000	0.22696624749077865
1212	chr	1211000	1212000	1000	0.26005643763915826
1213	chr	1212000	1213000	1000	0.3364378910873797
1214	chr	1213000	1214000	1000	0.5635728331189036
1215	chr	1214000	1215000	1000	0.5434245867633918
1216	chr	1215000	1216000	1000	0.5490734010236561
1217	chr	1216000	1217000	1000	0.43514677479369634
1218	chr	1217000	1218000	1000	0.457684478713321
1219	chr	1218000	1219000	1000	0.4421635131721837
1220	chr	1219000	1220000	1000	0.40581573971337487
1221	chr	1220000	1221000	1000	0.36903992631469895
1222	chr	1221000	1222000	1000	0.4529003993422598
